[1.9689533990621566
1.861003156721592
1.7850501461327075
1.5483045317828654
1.3359136448800564
0.7233113382011652
0.3990674465633929
0.4053481133899186
0.3712307167574763
1.7767575663290918
1.1952567967548966
0.5530205691680312
0.2668404901614413
0.15828142847237178
0.24757451349054463
0.1725387688530609
0.28918037031614224
0.17603953189219465
0.1168195591691474
0.1171480075487343
0.10649678297279752
0.11210912566172192
0.12962234049802646
0.12583035716274754
0.43525321055622773
0.2656839041252388
0.3250708359892378
0.5132722949679664
0.18126191434112843
0.2856838982990594
0.1144444279645686
0.14684583857477992
0.07580668362396682
0.10488256522832672
0.12033633028836266
0.08857833820459927
0.21361021183573758
0.8901963212706614
1.4195843081236816
0.27291126652760433
0.14444666878358112
0.1253868045784766
0.08974040999129647
0.1080955603615439
0.08044695796088945
0.10005039043693614
0.05718002626421367
0.06966815151325864
0.06169602202021997
0.0799195444760262
0.06772759862833028
0.057491867876633476
0.06384846055967136
0.05176053449923711
0.06808241900831855
0.07247628583895857
0.08486116676528035
0.06966524302350899
0.06654749189348877
0.06597430956509925
0.07034922931165784
0.060998483372837656
0.15579101385056857
0.1435545809034229
0.07040809126819658
0.07710958436456712
0.09162543452689442
0.06944315717092468
0.06061961644388566
0.06475008463953054
0.0634327477555089
0.061085289203299906
0.06510337031212111
0.08825678237591637
0.05630281584158729
0.053080015593362985
0.056613951613695465
0.04593295988191494
0.09817150246280858
0.08500904021534371
0.04368221695651573
0.05388549079700715
0.04006788425091941
0.06398276288341186
0.06527080137293297
0.058363729217190664
0.08632675012131585
0.08002604149739818
0.07502751846298088
0.12284413803810162
0.055362704145158204
0.05093715243305178
0.07451688838934115
0.041937548576326665
0.0783181876126489
0.06279739461574627
0.03951213312764048
0.044505986542288156
0.04009068803439118
0.03288902334048908
