[3.184482553958894
2.59000241625309
2.92117993760109
2.3495146309137342
2.716696787714958
2.1630839217901228
2.777323483347893
2.572236596465111
2.4051164253950117
3.125997364997864
2.5710083171725273
2.7553516075611113
1.7854675166606904
2.524122704923153
1.4980033505856991
1.0352012178897858
2.0279715981781483
1.204316696614027
0.9224367725849152
1.135832499504089
1.4800805874466896
1.3609549814090132
0.9072262521237134
0.9848051867708564
1.8450019678026437
1.1549812955856322
0.595973506577313
0.437139095582068
0.8537524104416371
1.206924963425845
1.069231193009764
0.7678024000786244
0.7793584063379094
0.49873105936311185
0.46273366262065246
0.6160480274176225
0.34312031233031304
0.37161995975719764
0.3606250485714991
0.46551488162996246
0.436010188894521
1.620070571526885
0.8199429720584304
0.38644628353603183
0.40995217378716914
0.5019333003726788
0.19168978854012675
0.24134224605397323
0.23319479983183555
0.4208381002953975
0.5659800368462456
0.5744922135430388
0.8810078492499888
0.45884397603198884
0.2666042370519135
0.16399424751417246
0.16177577066462254
0.5107789826882072
0.24555654733412666
0.6518608891653129
0.4127528577382909
0.17100864392812945
0.14537162023311248
0.14943903596905875
0.16414992030774012
0.2035440674435231
0.23356274522247258
0.2936867427631805
0.15197070154245013
0.18429587931383867
0.14433190284032024
0.2619123145702761
0.2833929422176734
0.13467013859818688
0.1636615217864164
0.10521248909433052
0.2538454515555932
0.6529638731883606
0.4840993185492698
0.1343009476876614
0.10880648754872527
0.13680916475201957
0.11937709833949339
0.1260590395110703
0.15303895688113697
0.12859987389474553
0.152376605929996
0.12413044766561507
0.10128140162924501
0.15723053110265756
0.10823394855046353
0.09727557110213092
0.14576190172877979
0.13530759355018926
0.19712463885830947
0.1114833129721228
0.11359297024110857
0.13040352628036636
0.08684075262528859
0.20540977666975233
