0.761662312
0.868333421
0.901654233 
0.923333347 
0.899999976 
0.925000012 
0.889999986 
0.948333323 
0.941666663 
0.946666658 
0.949999988 
0.961666644 
0.926666677 
0.943333328 
0.959999979 
0.944999993 
0.963333309 
0.953333318 
0.956666648 
0.935000002 
0.968333304 
0.933333337 
0.968333304 
0.944999993 
0.953333318 
0.963333309 
0.935000002 
0.959999979 
0.970000029 
0.953333318 
0.975000024 
0.973333359 
0.951666653 
0.949999988 
0.968333304 
0.975000024 
0.94354645
0.936666667 
0.970000029 
0.939999998 
0.968333304 
0.968333304 
0.961666644 
0.971666694 
0.971666694 
0.975000024 
0.970000029 
0.970000029 
0.968333304 
0.968333304 
0.964999974 
0.966666639 
0.968333304 
0.968333304 
0.968333304 
0.964999974 
0.968333304 
0.968333304 
0.964999974 
0.966666639 
0.968333304 
0.968333304 
0.964999974 
0.966666639 
0.961666644 
0.963333309 
0.968333304 
0.966666639 
0.964999974 
0.959999979 
0.968333304 
0.964999974 
0.963333309 
0.959999979 
0.964999974 
0.966666639 
0.964999974 
0.961666644 
0.964999974 
0.959999979 
0.963333309 
0.966666639 
0.963333309 
0.963333309 
0.966666639 
0.961666644 
0.963333309 
0.961666644 
0.961666644 
0.966666639 
0.959999979 
0.961666644 
0.959999979 
0.959999979 
0.959999979 
0.964999974 
0.961666644 
0.959999979 
0.959999979 
0.964999974

training completed!