0.2195
0.3474
0.4043
0.4761
0.5476
0.7265
0.8533
0.8486
0.8699
0.5055
0.6379
0.8047
0.9133
0.953
0.9179
0.943
0.8899
0.9455
0.9623
0.9603
0.9666
0.9622
0.9588
0.9602
0.8429
0.901
0.889
0.8408
0.9362
0.8953
0.958
0.949
0.9738
0.9647
0.9614
0.9694
0.9319
0.7257
0.7715
0.9112
0.9517
0.9576
0.9699
0.9611
0.972
0.9655
0.9799
0.9753
0.979
0.9738
0.9756
0.9795
0.9792
0.9813
0.9768
0.9752
0.9706
0.9761
0.9767
0.9775
0.9765
0.9795
0.9459
0.952
0.9765
0.9737
0.9686
0.9767
0.9794
0.9774
0.9795
0.9808
0.9768
0.971
0.9805
0.9817
0.9793
0.9827
0.965
0.9698
0.9845
0.9812
0.9862
0.9787
0.9785
0.9808
0.9709
0.9727
0.976
0.9641
0.981
0.9823
0.9748
0.9854
0.9732
0.9797
0.9863
0.9845
0.9864
0.9885
